"0","library(here)"
"0","load(here('data','titanic.RData'))"
